 ¹ |Applications received|Applications denied| % |Max package size|Buffer Usage|
---|---------------------|-------------------|---|----------------|------------|
  2|                    0|                  1|inf|               0|      0.0000|
  3|                    1|                  0|  0|               1|     10.0000|
  4|                    0|                  0|-nan(ind)|               1|     10.0000|
  5|                    0|                  1|inf|               0|      0.0000|
  6|                    1|                  1|100|               1|     10.0000|
  9|                    3|                  2| 67|               1|     10.0000|
 11|                    1|                  2|200|               0|      0.0000|
 12|                    0|                  1|inf|               0|      0.0000|
 14|                    0|                  0|-nan(ind)|               1|      0.0000|
 16|                    2|                  2|100|               1|     10.0000|
 17|                    3|                  4|134|               0|      0.0000|
 18|                    3|                  3|100|               1|      0.0000|
 19|                    0|                  1|inf|               0|      0.0000|
 21|                    0|                  1|inf|               0|      0.0000|
 24|                    2|                  2|100|               1|      0.0000|
 25|                    1|                  1|100|               1|     10.0000|
 26|                    0|                  1|inf|               0|      0.0000|
 27|                    1|                  2|200|               0|      0.0000|
 28|                    1|                  0|  0|               1|     10.0000|
 30|                    0|                  1|inf|               0|      0.0000|
 31|                    0|                  1|inf|               0|      0.0000|
 34|                    0|                  1|inf|               0|      0.0000|
 35|                    2|                  2|100|               1|     10.0000|
 36|                    0|                  1|inf|               0|      0.0000|
 38|                    0|                  1|inf|               0|      0.0000|
 39|                    0|                  1|inf|               0|      0.0000|
 41|                    0|                  0|-nan(ind)|               1|     10.0000|
 42|                    0|                  1|inf|               0|      0.0000|
 43|                    0|                  1|inf|               0|      0.0000|
 44|                    0|                  1|inf|               0|      0.0000|
 45|                    0|                  1|inf|               0|      0.0000|
 46|                    0|                  0|-nan(ind)|               1|     10.2222|
 48|                    0|                  1|inf|               0|      0.0000|
 49|                    0|                  1|inf|               0|      0.0000|
 50|                    0|                  1|inf|               0|      0.0000|
 52|                    0|                  0|-nan(ind)|               1|      0.0000|
 53|                    1|                  2|200|               0|      0.0000|
 55|                    0|                  1|inf|               0|      0.0000|
 57|                    0|                  1|inf|               0|      0.0000|
 59|                    1|                  0|  0|               1|     10.0000|
 60|                    0|                  1|inf|               0|      0.0000|
 61|                    1|                  2|200|               0|      0.0000|
 62|                    1|                  2|200|               0|      0.0000|
 63|                    0|                  1|inf|               0|      0.0000|
 67|                    0|                  1|inf|               0|      0.0000|
 70|                    0|                  1|inf|               0|      0.0000|
 71|                    0|                  1|inf|               0|      0.0000|
 74|                    1|                  2|200|               0|      0.0000|
 75|                    2|                  2|100|               1|      0.0000|
 76|                    1|                  0|  0|               1|     10.0000|
 77|                    1|                  2|200|               0|      0.0000|
 78|                    0|                  1|inf|               0|      0.0000|
 79|                    1|                  2|200|               0|      0.0000|
 80|                    1|                  1|100|               1|      0.0000|
 81|                    0|                  1|inf|               0|      0.0000|
 83|                    0|                  1|inf|               0|      0.0000|
 88|                    0|                  1|inf|               0|      0.0000|
 89|                    1|                  2|200|               0|      0.0000|
 91|                    1|                  2|200|               0|      0.0000|
 93|                    1|                  2|200|               0|      0.0000|
 94|                    0|                  1|inf|               0|      0.0000|
 96|                    1|                  2|200|               0|      0.0000|
 98|                    0|                  1|inf|               0|      0.0000|
101|                    0|                  1|inf|               1|     10.0000|
103|                    0|                  1|inf|               0|      0.0000|
104|                    0|                  1|inf|               0|      0.0000|
105|                    0|                  1|inf|               0|      0.0000|
107|                    2|                  2|100|               1|     10.4444|
108|                    0|                  1|inf|               0|      0.0000|
109|                    1|                  1|100|               1|     16.6667|
111|                    0|                  1|inf|               0|      0.0000|
113|                    0|                  1|inf|               0|      0.0000|
114|                    0|                  1|inf|               0|      0.0000|
116|                    0|                  1|inf|               0|      0.0000|
118|                    0|                  1|inf|               0|      0.0000|
119|                    0|                  0|-nan(ind)|               1|     10.5342|
120|                    0|                  1|inf|               0|      0.0000|
123|                    0|                  1|inf|               0|      0.0000|
129|                    0|                  1|inf|               0|      0.0000|
130|                    0|                  0|-nan(ind)|               1|     10.0000|
132|                    2|                  3|150|               1|      0.0000|
134|                    1|                  2|200|               0|      0.0000|
135|                    0|                  1|inf|               0|      0.0000|
137|                    2|                  1| 50|               1|      0.0000|
139|                    1|                  2|200|               0|      0.0000|
140|                    0|                  1|inf|               0|      0.0000|
141|                    0|                  1|inf|               0|      0.0000|
142|                    0|                  0|-nan(ind)|               1|     10.0000|
144|                    1|                  2|200|               0|      0.0000|
146|                    0|                  0|-nan(ind)|               1|     10.0000|
147|                    0|                  1|inf|               0|      0.0000|
153|                    0|                  1|inf|               0|      0.0000|
154|                    1|                  1|100|               1|     10.5556|
156|                    1|                  2|200|               0|      0.0000|
158|                    1|                  2|200|               0|      0.0000|
159|                    1|                  2|200|               0|      0.0000|
161|                    0|                  1|inf|               0|      0.0000|
162|                    1|                  2|200|               0|      0.0000|
163|                    3|                  3|100|               1|     10.2222|
165|                    0|                  0|-nan(ind)|               1|     10.5903|
167|                    2|                  3|150|               0|     10.0000|
168|                    0|                  1|inf|               0|      0.0000|
169|                    2|                  2|100|               1|      0.0000|
170|                    0|                  0|-nan(ind)|               0|      0.0000|
171|                    1|                  2|200|               0|      0.0000|
172|                    3|                  4|134|               0|     11.1111|
176|                    1|                  2|200|               0|      0.0000|
178|                    4|                  5|125|               0|      0.0000|
179|                    2|                  2|100|               1|      0.0000|
180|                    2|                  3|150|               0|      0.0000|
181|                    0|                  1|inf|               0|      0.0000|
183|                    1|                  2|200|               0|      0.0000|
184|                    0|                  1|inf|               0|      0.0000|
185|                    0|                  1|inf|               0|      0.0000|
187|                    1|                  1|100|               1|     10.0000|
188|                    1|                  2|200|               0|      0.0000|
189|                    0|                  1|inf|               0|      0.0000|
192|                    0|                  0|-nan(ind)|               1|     10.8730|
193|                    0|                  1|inf|               0|      0.0000|
194|                    0|                  0|-nan(ind)|               1|      0.0000|
200|                    0|                  1|inf|               0|      0.0000|
202|                    0|                  1|inf|               0|     11.1111|
203|                    0|                  1|inf|               0|      0.0000|
204|                    0|                  1|inf|               0|      0.0000|
244|                    1|                  2|200|               0|      0.0000|
245|                    1|                  2|200|               0|      0.0000|
248|                    0|                  1|inf|               0|      0.0000|
252|                    2|                  3|150|               0|      0.0000|
259|                    0|                  1|inf|               0|      0.0000|
265|                    0|                  1|inf|               0|      0.0000|
266|                    0|                  1|inf|               0|      0.0000|
267|                    1|                  2|200|               0|      0.0000|
268|                    1|                  2|200|               0|      0.0000|
271|                    0|                  1|inf|               0|      0.0000|
273|                    3|                  4|134|               0|      0.0000|
274|                    1|                  2|200|               0|     10.0000|
277|                    0|                  1|inf|               0|      0.0000|
278|                    2|                  3|150|               0|      0.0000|
279|                    1|                  2|200|               0|      0.0000|
281|                    1|                  1|100|               1|      0.0000|
283|                    1|                  2|200|               0|      0.0000|
285|                    1|                  2|200|               0|      0.0000|
287|                    2|                  2|100|               1|     11.0139|
288|                    0|                  1|inf|               0|      0.0000|
289|                    0|                  1|inf|               0|      0.0000|
290|                    0|                  1|inf|               0|      0.0000|
291|                    0|                  1|inf|               0|      0.0000|
292|                    1|                  2|200|               0|      0.0000|
293|                    0|                  0|-nan(ind)|               1|     10.9428|
294|                    0|                  1|inf|               0|      0.0000|
296|                    0|                  1|inf|               0|      0.0000|
297|                    0|                  1|inf|               0|      0.0000|
299|                    0|                  1|inf|               0|      0.0000|
303|                    3|                  4|134|               0|     10.0000|
304|                    1|                  2|200|               0|      0.0000|
305|                    0|                  1|inf|               0|      0.0000|
306|                    0|                  1|inf|               0|      0.0000|
307|                    0|                  1|inf|               0|     12.5000|
308|                    1|                  2|200|               0|     10.0000|
309|                    0|                  0|-nan(ind)|               1|      0.0000|
310|                    4|                  5|125|               0|     10.0000|
311|                    2|                  3|150|               0|      0.0000|
313|                    0|                  1|inf|               0|      0.0000|
314|                    0|                  1|inf|               0|      0.0000|
316|                    1|                  2|200|               0|      0.0000|
318|                    0|                  1|inf|               0|      0.0000|
319|                    0|                  1|inf|               0|      0.0000|
322|                    0|                  1|inf|               0|     10.0000|
323|                    1|                  2|200|               0|     10.0000|
325|                    0|                  1|inf|               0|      0.0000|
330|                    2|                  3|150|               0|     10.5556|
339|                    0|                  1|inf|               0|      0.0000|
341|                    0|                  1|inf|               0|      0.0000|
344|                    0|                  1|inf|               0|      0.0000|
346|                    2|                  2|100|               0|     11.2500|
350|                    2|                  3|150|               0|      0.0000|
360|                    3|                  4|134|               0|      0.0000|
361|                    1|                  2|200|               0|      0.0000|
362|                    0|                  1|inf|               0|      0.0000|
365|                    0|                  1|inf|               0|      0.0000|
372|                    0|                  1|inf|               0|      0.0000|
374|                    0|                  1|inf|               0|      0.0000|
376|                    0|                  1|inf|               0|      0.0000|
378|                    0|                  1|inf|               0|      0.0000|
379|                    0|                  1|inf|               0|      0.0000|
381|                    1|                  2|200|               0|     10.0000|
382|                    2|                  3|150|               0|      0.0000|
383|                    0|                  1|inf|               0|     10.0000|
384|                    1|                  2|200|               0|      0.0000|
386|                    0|                  1|inf|               0|      0.0000|
387|                    0|                  1|inf|               0|      0.0000|
389|                    1|                  1|100|               1|     10.0000|
390|                    2|                  3|150|               0|      0.0000|
391|                    1|                  2|200|               0|      0.0000|
392|                    2|                  3|150|               0|     10.0000|
395|                    0|                  1|inf|               0|      0.0000|
396|                    0|                  1|inf|               0|      0.0000|
399|                    1|                  2|200|               0|      0.0000|
400|                    0|                  1|inf|               0|      0.0000|
401|                    0|                  1|inf|               0|      0.0000|
402|                    0|                  1|inf|               0|     10.0000|
403|                    1|                  2|200|               0|     11.1111|
405|                    0|                  1|inf|               0|      0.0000|
407|                    0|                  1|inf|               0|     11.1111|
408|                    1|                  2|200|               0|      0.0000|
409|                    1|                  2|200|               0|      0.0000|
414|                    0|                  1|inf|               0|     11.1111|
415|                    0|                  1|inf|               0|      0.0000|
420|                    0|                  1|inf|               0|     11.1111|
422|                    0|                  1|inf|               0|     11.1111|
426|                    2|                  3|150|               0|     10.8333|
427|                    1|                  2|200|               0|     10.0000|
439|                    0|                  1|inf|               0|      0.0000|
450|                    0|                  1|inf|               0|      0.0000|
452|                    0|                  1|inf|               0|      0.0000|
454|                    2|                  3|150|               0|      0.0000|
455|                    1|                  2|200|               0|      0.0000|
456|                    0|                  0|-nan(ind)|               1|     11.6115|
457|                    0|                  1|inf|               0|      0.0000|
458|                    1|                  2|200|               0|      0.0000|
461|                    0|                  1|inf|               0|      0.0000|
462|                    0|                  1|inf|               0|      0.0000|
463|                    0|                  1|inf|               0|      0.0000|
468|                    0|                  1|inf|               0|      0.0000|
469|                    0|                  1|inf|               0|      0.0000|
471|                    3|                  3|100|               1|     10.9108|
472|                    1|                  2|200|               0|      0.0000|
473|                    0|                  1|inf|               0|      0.0000|
476|                    1|                  2|200|               0|      0.0000|
478|                    0|                  1|inf|               0|      0.0000|
479|                    1|                  2|200|               0|      0.0000|
480|                    0|                  1|inf|               0|      0.0000|
481|                    0|                  1|inf|               0|     10.0000|
482|                    0|                  1|inf|               0|      0.0000|
483|                    0|                  1|inf|               0|     12.5000|
484|                    2|                  3|150|               0|      0.0000|
487|                    2|                  3|150|               0|      0.0000|
488|                    0|                  1|inf|               0|      0.0000|
490|                    0|                  0|-nan(ind)|               1|     11.7684|
491|                    1|                  2|200|               0|     10.0000|
493|                    2|                  3|150|               0|      0.0000|
495|                    1|                  2|200|               0|      0.0000|
497|                    2|                  2|100|               1|     11.7918|
499|                    0|                  1|inf|               0|      0.0000|
501|                    0|                  1|inf|               0|      0.0000|
502|                    2|                  3|150|               0|     11.2037|
503|                    0|                  1|inf|               0|      0.0000|
504|                    0|                  1|inf|               0|      0.0000|
505|                    3|                  3|100|               1|     11.1111|
506|                    2|                  3|150|               0|     10.3704|
507|                    1|                  2|200|               0|     14.2857|
508|                    0|                  1|inf|               0|      0.0000|
510|                    0|                  1|inf|               0|      0.0000|
511|                    1|                  2|200|               0|     11.1111|
512|                    1|                  2|200|               0|     10.0000|
514|                    1|                  2|200|               0|     10.5556|
517|                    0|                  1|inf|               0|     11.1111|
518|                    0|                  1|inf|               0|     11.1111|
519|                    1|                  2|200|               0|     10.0000|
521|                    7|                  0|  0|               1|      0.0000|
522|                    0|                  1|inf|               0|     10.0000|
523|                    0|                  1|inf|               0|      0.0000|
526|                    2|                  2|100|               1|     12.2316|
533|                    1|                  2|200|               0|      0.0000|
537|                    0|                  1|inf|               0|      0.0000|
540|                    0|                  1|inf|               0|      0.0000|
541|                    0|                  1|inf|               0|      0.0000|
543|                    0|                  1|inf|               0|      0.0000|
547|                    0|                  1|inf|               0|      0.0000|
549|                    9|                  1| 12|               1|     12.7353|
551|                    1|                  2|200|               0|      0.0000|
553|                    1|                  2|200|               0|      0.0000|
555|                    1|                  2|200|               0|      0.0000|
557|                    1|                  2|200|               0|      0.0000|
558|                    0|                  1|inf|               0|      0.0000|
559|                    0|                  1|inf|               0|      0.0000|
561|                    0|                  1|inf|               0|      0.0000|
564|                   32|                  1|  4|               1|     12.6783|
570|                   48|                  3|  7|               0|      0.0000|
571|                    2|                  3|150|               0|      0.0000|
572|                    1|                  2|200|               0|      0.0000|
573|                    1|                  2|200|               0|      0.0000|
576|                    0|                  1|inf|               0|      0.0000|
578|                    0|                  1|inf|               0|      0.0000|
580|                    0|                  1|inf|               0|      0.0000|
581|                    1|                  2|200|               0|      0.0000|
583|                   11|                  1| 10|               1|     54.7222|
584|                    1|                  2|200|               0|      0.0000|
585|                    0|                  1|inf|               0|      0.0000|
586|                    0|                  1|inf|               0|      0.0000|
587|                   41|                  1|  3|               0|      0.0000|
589|                    0|                  1|inf|               0|     10.0000|
590|                    9|                  1| 12|               0|      0.0000|
591|                    0|                  1|inf|               0|      0.0000|
593|                    1|                  2|200|               0|      0.0000|
595|                    1|                  2|200|               0|      0.0000|
596|                   77|                  1|  2|               0|      0.0000|
598|                   69|                  2|  3|               0|     10.0000|
---|---------------------|-------------------|---|----------------|------------|
